[[[-0.7196909 ]]

 [[-0.75047463]]

 [[-0.5859867 ]]

 [[ 1.5710043 ]]

 [[ 1.5289142 ]]

 [[ 1.4424164 ]]

 [[-0.62193596]]

 [[ 1.6386875 ]]

 [[ 1.6810431 ]]

 [[ 1.6872413 ]]

 [[-0.7850772 ]]

 [[-0.61685634]]

 [[-0.49974307]]

 [[ 1.2783945 ]]

 [[-0.4227951 ]]

 [[-0.73971134]]

 [[-0.5061888 ]]

 [[-0.74232566]]

 [[-0.7409179 ]]

 [[ 1.6642895 ]]

 [[ 1.3266532 ]]

 [[-0.7790982 ]]

 [[-0.73764235]]

 [[-0.742458  ]]

 [[-0.75369596]]

 [[-0.58293813]]

 [[ 1.6317884 ]]

 [[-0.7538425 ]]

 [[-0.81335497]]

 [[ 1.6843177 ]]

 [[-0.71048343]]

 [[ 1.6650115 ]]

 [[-0.6210264 ]]

 [[-0.5134242 ]]

 [[-0.61573917]]

 [[ 1.221596  ]]

 [[ 1.6797369 ]]

 [[-0.69901776]]

 [[-0.79997694]]

 [[-0.5622531 ]]

 [[-0.7053603 ]]

 [[-0.5662174 ]]

 [[ 1.49447   ]]

 [[-0.6444431 ]]

 [[ 1.580236  ]]

 [[-0.66890264]]

 [[-0.6618308 ]]

 [[ 1.6540382 ]]

 [[-0.22733663]]

 [[ 1.5247784 ]]

 [[-0.6498933 ]]

 [[-0.59581596]]

 [[-0.42534667]]

 [[-0.72965413]]

 [[-0.57978815]]

 [[-0.30930945]]

 [[-0.56525934]]

 [[ 1.1954176 ]]

 [[-0.7252492 ]]

 [[-0.801785  ]]

 [[ 1.6305096 ]]

 [[-0.57198405]]

 [[-0.829079  ]]

 [[ 1.3706323 ]]

 [[ 1.5547042 ]]

 [[-0.7154278 ]]

 [[-0.56423116]]

 [[ 1.7160048 ]]

 [[-0.79069257]]

 [[ 1.3994989 ]]

 [[-0.7841748 ]]

 [[-0.28990766]]

 [[-0.77921045]]

 [[-0.55833423]]

 [[-0.6241808 ]]

 [[-0.6455867 ]]

 [[ 1.3222623 ]]

 [[-0.75139546]]

 [[ 1.5194331 ]]

 [[-0.6077839 ]]

 [[-0.57252574]]]